 1518094359  713 
 1518094363  558 
 1518094367  823 
 1518094371  483 
 1518094376  565 
 1518094380  878 
 1518094384  575 
 1518094388  477 
 1518094392  399 
 1518094396  673 
 1518094401  843 
 1518094405  705 
 1518094410  905 
 1518094414  466 
 1518094418  840 
 1518094422  350 
 1518094426  518 
 1518094430  798 
 1518094435  852 
 1518094440  868 
 1518094444  571 
 1518094448  493 
 1518094452  503 
 1518094456  689 
 1518094460  622 
 1518094464  473 
 1518094469  593 
 1518094473  456 
 1518094477  294 
 1518094480  289 
 1518094485  747 
 1518094489  532 
 1518094493  522 
 1518094497  839 
 1518094501  542 
 1518094505  392 
 1518094509  736 
 1518094513  340 
 1518094518  760 
 1518094521  393 
 1518094526  556 
 1518094529  313 
 1518094533  400 
 1518094537  526 
 1518094542  862 
 1518094546  312 
 1518094550  336 
 1518094554  593 
 1518094558  592 
 1518094562  582 
 1518094566  756 
 1518094570  637 
 1518094575  597 
 1518094579  760 
 1518094583  593 
 1518094587  412 
 1518094591  414 
 1518094596  852 
 1518094600  613 
 1518094604  569 
 1518094609  284 
 1518094614  549 
 1518094618  529 
 1518094622  839 
 1518094627  472 
 1518094631  865 
 1518094635  433 
 1518094639  642 
 1518094643  376 
 1518094647  592 
 1518094651  683 
 1518094655  277 
 1518094659  389 
 1518094663  469 
 1518094668  729 
 1518094673  784 
 1518094677  689 
 1518094681  863 
 1518094686  805 
 1518094691  757 
 1518094695  739 
 1518094699  627 
 1518094703  448 
 1518094708  574 
 1518094711  328 
 1518094716  737 
 1518094720  688 
 1518094724  404 
 1518094728  750 
 1518094732  689 
 1518094736  239 
 1518094740  474 
 1518094744  345 
 1518094748  530 
 1518094752  816 
 1518094853  713 
 1518094857  911 
 1518094862  765 
 1518094866  915 
 1518094871  498 
 1518094875  867 
 1518094880  474 
 1518094884  883 
 1518094888  471 
 1518094892  438 
 1518094896  489 
 1518094901  767 
 1518094905  884 
 1518094909  469 
 1518094914  866 
 1518092905  711 
 1518092909  560 
 1518092913  618 
 1518092917  673 
 1518092921  661 
 1518092926  912 
 1518092930  803 
 1518092935  928 
 1518092939  523 
 1518092944  893 
 1518092948  559 
 1518092952  874 
 1518092957  804 
 1518093030  575 
 1518093035  438 
 1518093039  538 
 1518093043  488 
 1518093047  477 
 1518093051  660 
 1518093055  735 
 1518093060  830 
 1518093064  528 
 1518093068  763 
 1518093072  432 
 1518093077  382 
 1518093081  686 
 1518093085  431 
 1518093089  437 
 1518093094  897 
 1518093098  809 
 1518093102  352 
 1518093121  303 
 1518093125  385 
 1518093129  685 
 1518093134  896 
 1518093138  367 
 1518093142  790 
 1518093146  439 
 1518093150  728 
 1518093155  693 
 1518093159  524 
 1518093163  324 
 1518093166  435 
 1518093170  381 
 1518093174  365 
 1518093178  529 
 1518093182  580 
 1518093187  698 
 1518093191  403 
 1518093195  713 
 1518093199  301 
 1518093203  824 
 1518093207  555 
 1518093211  301 
 1518093215  314 
 1518093219  781 
 1518093223  689 
 1518093228  821 
 1518093232  848 
 1518093236  274 
 1518093240  551 
 1518093244  751 
 1518093249  838 
 1518093254  702 
 1518093258  306 
 1518093262  728 
 1518093266  561 
 1518093270  384 
 1518093274  856 
 1518093278  277 
 1518093283  879 
 1518093287  886 
 1518093291  386 
 1518093295  465 
 1518093299  687 
 1518093303  363 
 1518093307  551 
 1518093311  817 
 1518093315  698 
 1518093319  473 
 1518093324  866 
 1518093328  822 
 1518093332  676 
 1518093337  554 
 1518093341  761 
 1518093375  717 
 1518093380  781 
 1518093384  444 
 1518093388  567 
 1518093393  819 
 1518093397  635 
 1518093401  869 
 1518093405  492 
 1518093409  417 
 1518093413  309 
 1518093418  814 
 1518093422  841 
 1518093427  775 
 1518093431  730 
 1518093435  385 
 1518093439  405 
 1518093443  501 
 1518093447  243 
 1518093451  436 
 1518093456  778 
 1518093460  609 
 1518093464  304 
 1518093468  698 
 1518093473  776 
 1518093477  652 
 1518093481  523 
 1518093485  688 
 1518093489  708 
 1518093493  735 
 1518093497  408 
 1518093501  539 
 1518093505  660 
 1518093509  382 
 1518093521  713 
 1518093524  865 
 1518093747  865 
 1518093752  849 
 1518093755  409 
 1518093760  524 
 1518093764  690 
 1518093768  730 
 1518093772  512 
 1518093776  498 
 1518093781  629 
 1518093786  413 
 1518093790  691 
 1518093794  553 
 1518093799  697 
 1518093803  803 
 1518093807  942 
 1518093812  740 
 1518093816  534 
 1518093820  457 
 1518093824  675 
 1518093829  791 
 1518093832  447 
 1518093836  391 
 1518093840  855 
 1518093845  762 
 1518093849  476 
 1518093853  634 
 1518093857  391 
 1518093861  403 
 1518093866  931 
 1518093870  326 
 1518093874  715 
 1518093878  329 
 1518093882  699 
 1518093886  776 
 1518093891  779 
 1518093895  871 
 1518093900  638 
 1518093904  318 
 1518093909  867 
 1518093912  314 
 1518093916  384 
 1518093920  537 
 1518093924  484 
 1518093929  866 
 1518093933  771 
 1518093938  362 
 1518093942  462 
 1518093946  685 
 1518093950  651 
 1518093955  556 
 1518093959  462 
 1518093963  712 
 1518093967  322 
 1518093971  711 
 1518093976  686 
 1518093980  590 
 1518093985  605 
 1518093989  333 
 1518093993  654 
 1518093997  387 
 1518094001  435 
 1518094005  427 
 1518094009  526 
 1518094092  711 
 1518094096  380 
 1518094100  445 
 1518094104  668 
 1518094108  521 
 1518094112  749 
 1518094116  732 
 1518094121  634 
 1518094125  780 
 1518094130  765 
 1518094134  672 
 1518094139  705 
 1518094143  599 
 1518094147  469 
 1518094151  480 
 1518094155  843 
 1518094159  646 
 1518094163  566 
 1518094167  340 
 1518094171  611 
 1518094175  524 
 1518094179  795 
 1518094183  466 
 1518094187  875 
 1518094191  448 
 1518094196  729 
 1518094200  373 
 1518094204  633 
 1518094208  709 
 1518094212  433 
 1518094216  413 
 1518094221  522 
 1518094225  730 
 1518094229  677 
 1518094233  699 
 1518094238  881 
 1518094242  800 
 1518094247  683 
 1518094251  797 
 1518094256  657 
 1518094259  461 
 1518094264  509 
 1518094267  302 
 1518094272  712 
 1518094276  743 
 1518094280  399 
 1518094284  773 
 1518094288  603 
 1518094292  292 
 1518094296  576 
 1518094300  355 
 1518094304  550 
 1518094308  733 
 1518094312  542 
